1    1 H    2.79d+10
2    1 H    9.49d+5
3    2 He   3.86d+5
4    2 He   2.72d+9
6    3 Li   4.28
7    3 Li   52.82
9    4 Be   0.73
10   5 B   4.22
11   5 B   16.98
12   6 C   9.99d+6
13   6 C   1.11d+5
14   7 N   3.12d+6
15   7 N   1.15d+4
16   8 O   2.37d+7
17   8 O   9.04d+3
18   8 O   4.76d+4
19   9 F   843.
20  10 Ne  3.20d+6
21  10 Ne  7.77d+3
22  10 Ne  2.34d+5
23  11 Na  5.74d+4
24  12 Mg  8.48d+5
25  12 Mg  1.07d+5
26  12 Mg  1.18d+5
27  13 Al  8.49d+4
28  14 Si  9.22d+5
29  14 Si  4.67d+4
30  14 Si  3.10d+4
31  15 P   1.04d+4
32  16 S   4.89d+5
33  16 S   3.86d+3
34  16 S   2.17d+4
36  16 S   1.03d+2
35  17 Cl  2860.
37  17 Cl  913.
36  18 Ar  8.50d+4
38  18 Ar  1.60d+4
40  18 Ar  26.
39  19 K   3516.
40  19 K   0.440
41  19 K   253.7
40  20 Ca  5.92d+4
42  20 Ca  395.
43  20 Ca  82.5
44  20 Ca  1275.
46  20 Ca  2.4
48  20 Ca  114.
45  21 Sc  34.2
46  22 Ti  192.
47  22 Ti  175.
48  22 Ti  1771.
49  22 Ti  132.
50  22 Ti  130.
50  23 V   0.732
51  23 V   292.
50  24 Cr  587.
52  24 Cr  1.131d+4
53  24 Cr  1283.
54  24 Cr  319.
55  25 Mn  9550.
54  26 Fe  5.22d+4
56  26 Fe  8.25d+5
57  26 Fe  1.98d+4
58  26 Fe  2.52d+3
59  27 Co  2250.
58  28 Ni  3.37d+4
60  28 Ni  1.29d+4
61  28 Ni  557.
62  28 Ni  1770.
64  28 Ni  449.
63  29 Cu  361.
65  29 Cu  161.
64  30 Zn  613.
66  30 Zn  352.
67  30 Zn  51.7
68  30 Zn  236.
70  30 Zn  7.8
69  31 Ga  22.7
71  31 Ga  15.1
70  32 Ge  24.4
72  32 Ge  32.6
73  32 Ge  9.28
74  32 Ge  43.4
76  32 Ge  9.28
75  33 As  6.56
74  34 Se  0.55
76  34 Se  5.6
77  34 Se  4.7
78  34 Se  14.7
80  34 Se  30.9
82  34 Se  5.7
79  35 Br  5.98
81  35 Br  5.82
78  36 Kr  0.153
80  36 Kr  0.999
82  36 Kr  5.15
83  36 Kr  5.16
84  36 Kr  25.70
86  36 Kr  7.84
85  37 Rb  5.12
87  37 Rb  1.97
84  38 Sr  0.132
86  38 Sr  2.32
87  38 Sr  1.64
88  38 Sr  19.41
89  39 Y   4.64
90  40 Zr  5.87
91  40 Zr  1.28
92  40 Zr  1.96
94  40 Zr  1.98
96  40 Zr  0.320
93  41 Nb  0.698
92  42 Mo  0.378
94  42 Mo  0.236
95  42 Mo  0.406
96  42 Mo  0.425
97  42 Mo  0.244
98  42 Mo  0.615
100 42 Mo 0.246
96  44 Ru  0.103
98  44 Ru  0.0350
99  44 Ru  0.236
100 44 Ru 0.234
101 44 Ru 0.316
102 44 Ru 0.588
104 44 Ru 0.348
103 45 Rh 0.344
102 46 Pd 0.0142
104 46 Pd 0.155
105 46 Pd 0.310
106 46 Pd 0.380
108 46 Pd 0.368
110 46 Pd 0.163
107 47 Ag 0.252
109 47 Ag 0.234
106 48 Cd 0.0201
108 48 Cd 0.0143
110 48 Cd 0.201
111 48 Cd 0.206
112 48 Cd 0.388
113 48 Cd 0.197
114 48 Cd 0.463
116 48 Cd 0.121
113 49 In 0.0079
115 49 In 0.176
112 50 Sn 0.0372
114 50 Sn 0.0252
115 50 Sn 0.0129
116 50 Sn 0.555
117 50 Sn 0.293
118 50 Sn 0.925
119 50 Sn 0.328
120 50 Sn 1.245
122 50 Sn 0.177
124 50 Sn 0.221
121 51 Sb 0.177
123 51 Sb 0.132
120 52 Te 0.0043
122 52 Te 0.124
123 52 Te 0.0428
124 52 Te 0.229
125 52 Te 0.342
126 52 Te 0.909
128 52 Te 1.526
130 52 Te 1.634
127 53 I  0.90
124 54 Xe 0.00571
126 54 Xe 0.00509
128 54 Xe 0.103
129 54 Xe 1.28
130 54 Xe 0.205
131 54 Xe 1.02
132 54 Xe 1.24
134 54 Xe 0.459
136 54 Xe 0.373
133 55 Cs 0.372
130 56 Ba 0.00476
132 56 Ba 0.00453
134 56 Ba 0.109
135 56 Ba 0.296
136 56 Ba 0.353
137 56 Ba 0.504
138 56 Ba 3.22
138 57 La 0.000397
139 57 La 0.446
136 58 Ce 0.00216
138 58 Ce 0.00284
140 58 Ce 1.005
142 58 Ce 0.126
141 59 Pr 0.167
142 60 Nd 0.225
143 60 Nd 0.101
144 60 Nd 0.197
145 60 Nd 0.0687
146 60 Nd 0.142
148 60 Nd 0.0477
150 60 Nd 0.0467
144 62 Sm 0.00800
147 62 Sm 0.0387
148 62 Sm 0.0292
149 62 Sm 0.0356
150 62 Sm 0.0191
152 62 Sm 0.0689
154 62 Sm 0.0586
151 63 Eu 0.0465
153 63 Eu 0.0508
152 64 Gd 0.00066
154 64 Gd 0.00719
155 64 Gd 0.0488
156 64 Gd 0.0676
157 64 Gd 0.0516
158 64 Gd 0.0820
160 64 Gd 0.0721
159 65 Tb 0.0603
156 66 Dy 0.000221
158 66 Dy 0.000378
160 66 Dy 0.00922
161 66 Dy 0.0745
162 66 Dy 0.101
163 66 Dy 0.0982
164 66 Dy 0.111
165 67 Ho 0.0889
162 68 Er 0.000351
164 68 Er 0.00404
166 68 Er 0.0843
167 68 Er 0.0576
168 68 Er 0.0672
170 68 Er 0.0374
169 69 Tm 0.0378
168 70 Yb 0.000322
170 70 Yb 0.00756
171 70 Yb 0.0354
172 70 Yb 0.0543
173 70 Yb 0.0400
174 70 Yb 0.0788
176 70 Yb 0.0315
175 71 Lu 0.0357
176 71 Lu 0.000951
174 72 Hf 0.000249
176 72 Hf 0.00802
177 72 Hf 0.0287
178 72 Hf 0.0420
179 72 Hf 0.0210
180 72 Hf 0.0541
180 73 Ta 2.48d-6
181 73 Ta 0.0207
180 74 W  0.000173
182 74 W  0.0350
183 74 W  0.0190
184 74 W  0.0408
186 74 W  0.0380
185 75 Re 0.0193
187 75 Re 0.0324
184 76 Os 0.000122
186 76 Os 0.0107
187 76 Os 0.0108
188 76 Os 0.0898
189 76 Os 0.109
190 76 Os 0.178
192 76 Os 0.277
191 77 Ir 0.247
193 77 Ir 0.414
190 78 Pt 0.000170
192 78 Pt 0.0105
194 78 Pt 0.441
195 78 Pt 0.453
196 78 Pt 0.338
198 78 Pt 0.0963
197 79 Au 0.187
196 80 Hg 0.00052
198 80 Hg 0.0339
199 80 Hg 0.0574
200 80 Hg 0.0785
201 80 Hg 0.0448
202 80 Hg 0.1015
204 80 Hg 0.0233
203 81 Tl 0.0543
205 81 Tl 0.1297
204 82 Pb 0.0611
206 82 Pb 0.602
207 82 Pb 0.650
208 82 Pb 1.837
209 83 Bi 0.144
232 90 Th 0.0335
235 92 U  6.48d-5
238 92 U  0.00893
end   0.0